rsID	rs4845875	rs4845876	rs4845877	rs4845879	rs10864536	rs6677253	rs6662190	rs12564559	rs10218813	rs114941496	rs4846037	rs145488887	rs4845880	rs4845881	rs72638682	rs12131667	rs59911871	rs114951726	rs55990971	rs6667720	rs11121827	rs61773952	rs112234774	rs77157935	rs61773953	rs11804825	rs12076233	rs72638693	rs6689912	rs11121829	rs6659287	rs6699669	rs6659541	rs12132479	rs148411205	rs78329225	rs55668272	rs12561919	rs4846044	rs4846045	rs1106409	rs9727993	rs4846047	rs12135232	rs10864543	rs41275464	rs41275466	rs59375726	rs1057624	rs3737966	rs11559040	rs4846049	rs35737219	rs3818762	rs55686944	rs1476413	rs1801131	rs12121543	rs1994798	rs6541003	rs45495691	rs1801133	rs45475403	rs7537955	rs6541006	rs1572151	rs17421511	rs45608437	rs17037388	rs17421560	rs72640233	rs11121832	rs35593468	rs45603435	rs17037397	rs9651118	rs17367504	rs2066470	rs3753587	rs3753586	rs45594036	rs3737964	rs4846054	rs75800607	rs17037425	rs6658684	rs12123964	rs12406667	rs61776077	rs114083374	rs198394	rs198396	rs144968234	rs41275480	rs112521149	rs35983202	rs34783459	rs74720509	rs198402	rs198406	rs1023252	rs17350396	rs41300098	rs34710782	rs198358	rs198359	rs61764037	rs61764040	rs198361	rs61764044	rs5068	rs5067	rs5066	rs12744433	rs198365	rs198367	rs12744757	rs198368	rs198369	rs5064	rs17376426	rs198372	rs198373	rs61757273	rs2981954	rs6668352	rs198379	rs198380	rs61761981	rs549596	rs198386	rs198388	rs6541007	rs35690395	rs198389	rs3753581	rs12406089	rs12402363	rs61776108
rs4845875	1	0.376996	0.59721984	0.61121124	0.39980329	0.44809636	0.44729344	0.011664	0.29899024	0.07338681	0.29408929	0.04426816	0.29495761	0.292681	0.00356409	0.00339889	0.25391521	0.00044521	0.08151025	0.43652449	0.37847104	0.22667121	0.02430481	0.08031556	0.22420225	0.43243776	0.25532809	0.00076176	0.43178041	0.43507216	0.36663025	0.00988036	0.33686416	0.210681	0.04704561	0.09474084	0.02175625	0.00512656	0.01106704	0.37748736	0.097969	0.185761	0.41938576	0.19404025	0.35450116	0.09815689	0.00881721	0.21298225	0.02047761	0.304704	0.262144	0.17288964	2.56E-06	0.12292036	0.07214596	0.13527684	0.16313521	0.08988004	0.36590401	0.37847104	0.10188864	0.078961	0.01833316	0.33074001	0.01227664	0.114244	0.19909444	0.17123044	0.00632025	0.00069169	0.01199025	0.34939921	0.01288225	0.006889	0.07306209	0.10975969	0.00746496	0.00038025	0.18011536	0.06290064	0.01951609	0.32455809	0.34257609	0.01413721	0.00386884	0.38551681	0.19518724	0.36180225	0.00412164	0.001936	0.114244	0.337561	0.02842596	0.02883204	0.00362404	0.17833729	0.32741284	0.00898704	0.131044	0.35533521	0.11710084	0.18011536	0.02729104	0.212521	0.09765625	0.12988816	0.01833316	0.00363609	0.11812969	0.04618201	0.04553956	0.11634921	0.01207801	0.01129969	0.06646084	0.117649	0.00938961	0.11397376	0.31877316	0.120409	0.01560001	0.07958041	0.0784	0.05461569	0.08952064	0.06335289	0.1681	0.09186961	0.04190209	0.21335161	0.01555009	0.218089	0.040804	0.00398161	0.16851025	0.13749264	0.09229444	0.07091569	0.00072361
rs4845876	0.376996	1	0.61842496	0.61748164	0.91431844	0.32993536	0.32729841	0.04717584	0.25070049	0.00407044	0.25160256	0.18464209	0.25351225	0.25351225	0.07150276	0.04293184	0.52693081	0.058564	0.04020025	0.26245129	0.44235801	0.44635761	0.06380676	0.036864	0.43665664	0.25715041	0.49999041	0.08809024	0.26020201	0.26275876	0.42837025	0.00114244	0.40157569	0.37687321	0.19695844	0.01806336	0.05555449	0.14945956	0.03243601	0.45400644	0.01274641	0.61763881	0.25351225	0.355216	0.41873841	0.01069156	0.00100489	0.38514436	0.04977361	0.38850289	0.48469444	0.53406864	0.00426409	0.45064369	0.00904401	0.47375689	0.55577025	0.44009956	0.36554116	0.38167684	0.01806336	0.15046641	0.01787569	0.15319396	0.01803649	0.01806336	0.40246336	0.37847104	0.10080625	0.08696601	0.00056169	0.17363889	0.03829849	0.09437184	0.00431649	0.04813636	0.08838729	0.07739524	0.38093584	0.006561	0.01371241	0.16908544	0.41615401	0.04363921	0.12702096	0.38142976	0.41242084	0.361201	0.02353156	0.06666724	0.01065024	0.16581184	0.01306449	0.005329	0.01758276	0.38925121	0.14630625	0.00094864	4.41E-06	0.38514436	0.50537881	0.41615401	0.017424	0.401956	0.03553225	4.76E-05	0.01065024	0.00819025	0.00031329	0.192721	0.19210689	0.00047961	0.00683929	0.00501264	3.36E-05	0.00057121	0.01132096	0.00819025	0.38613796	0.00388129	0.005625	0.007396	0.00558009	0.005476	0.00616225	0.283024	0.23059204	0.00889249	0.00767376	0.19793601	0.05248681	0.20097289	0.01147041	0.04848804	0.26811684	0.26687556	0.30924721	0.29398084	0.06041764
rs4845877	0.59721984	0.61842496	1	1	0.64738116	0.74909025	0.74857104	0.05764801	0.60575089	0.01245456	0.59644729	0.07991929	0.59706529	0.59043856	0.01308736	0.01399489	0.41100921	0.00972196	0.13147876	0.66765241	0.74528689	0.38452401	0.02531281	0.12974404	0.38007225	0.66487716	0.38887696	0.02022084	0.65885689	0.66080641	0.73496329	0.0064	0.69488896	0.33802596	0.08340544	0.14722569	0.02247001	0.04363921	0.01136356	0.74494161	0.15249025	0.404496	0.64432729	0.31820881	0.70913241	0.149769	0.00552049	0.34199104	0.02053489	0.65480464	0.41796225	0.33779344	0.00047524	0.31483321	0.09622404	0.33570436	0.32798529	0.27973521	0.64850809	0.66765241	0.157609	0.24581764	0.00306916	0.55190041	0.00214369	0.17164449	0.34751025	0.32012964	0.02193361	0.02082249	0.00047089	0.57198969	0.01295044	0.01882384	0.01223236	0.10634121	0.01993744	0.02247001	0.32764176	0.00891136	0.00142884	0.54789604	0.70694464	0.01466521	0.03845521	0.667489	0.352836	0.63536841	0.02812329	0.01610361	0.17164449	0.54700816	0.02178576	0.032041	0.00247009	0.33154564	0.535824	0.00558009	0.12243001	0.66194496	0.35628961	0.35343025	0.03873024	0.29844369	0.17131321	0.12068676	0.00087616	0.00767376	0.11062276	0.08231161	0.08168164	0.10843849	7.23E-05	1.69E-06	0.05837056	0.14760964	0.00011664	0.17131321	0.62315236	0.18037009	0.00456976	0.08497225	0.08305924	0.01132096	0.09290304	0.19954089	0.34327881	0.09641025	0.05022081	0.41075281	0.10588516	0.41460721	0.04990756	0.05373124	0.37982569	0.34257609	0.26142769	0.25040016	0.08737936
rs4845879	0.61121124	0.61748164	1	1	0.64673764	0.74909025	0.74857104	0.05583769	0.61371556	0.01674436	0.60357361	0.08076964	0.60435076	0.59706529	0.01159929	0.01258884	0.40972801	0.00833569	0.13329801	0.66683556	0.75359761	0.38378025	0.02582449	0.13147876	0.379456	0.664225	0.38750625	0.01863225	0.65820769	0.66015625	0.74356129	0.00632025	0.70241161	0.33721249	0.08433216	0.14907321	0.02292196	0.04206601	0.011664	0.75325041	0.154449	0.40896025	0.64352484	0.31719424	0.71622369	0.15171025	0.00546121	0.34117281	0.02096704	0.66113161	0.41692849	0.34047225	0.00043264	0.31877316	0.09746884	0.34093921	0.330625	0.27973521	0.65431921	0.67354849	0.15968016	0.24423364	0.003249	0.55115776	0.00229441	0.17380561	0.346921	0.31967716	0.020736	0.01918225	0.000441	0.57123364	0.01329409	0.01771561	0.01648656	0.10504081	0.01882384	0.02082249	0.32684089	0.01223236	0.00154449	0.54700816	0.71419401	0.01503076	0.03697929	0.67338436	0.35224225	0.64032004	0.02866249	0.01466521	0.17380561	0.546121	0.02166784	0.03243601	0.00185761	0.33074001	0.53479969	0.00552049	0.12475024	0.667489	0.36252441	0.352836	0.03849444	0.29691601	0.16990884	0.12299049	0.00096721	0.00760384	0.11282881	0.08323225	0.08259876	0.11062276	1.00E-04	7.84E-06	0.05982916	0.15031129	0.00015129	0.17338896	0.62758084	0.18267076	0.00305809	0.08649481	0.08462281	0.01132096	0.09449476	0.19954089	0.34269316	0.09809424	0.05067001	0.41049649	0.10458756	0.41422096	0.05040025	0.05410276	0.37933281	0.34175716	0.26030404	0.249001	0.09326916
rs10864536	0.39980329	0.91431844	0.64738116	0.64673764	1	0.38775529	0.38775529	0.07974976	0.30680521	0.02390116	0.306916	0.14753281	0.30835809	0.30835809	0.02669956	0.01308736	0.67453369	0.03876961	0.04588164	0.36978561	0.48246916	0.55294096	0.07273809	0.04255969	0.54361129	0.36542025	0.63648484	0.03779136	0.36445369	0.36687249	0.47596201	0.00159201	0.44943616	0.48469444	0.15721225	0.02393209	0.06482116	0.10080625	0.04076361	0.49336576	0.019044	0.660969	0.35724529	0.46430596	0.45941284	0.01684804	0.00127449	0.49294441	0.06012304	0.43270084	0.63872064	0.58247424	0.00234256	0.47541025	0.01397124	0.49646116	0.564001	0.43903876	0.40246336	0.41692849	0.02253001	0.17338896	0.01860496	0.22857961	0.01817104	0.0121	0.49028004	0.44796249	0.05812921	0.03701776	0.00881721	0.24960016	0.04778596	0.05377761	0.02455489	0.05574321	0.04968441	0.03154176	0.46936201	0.02829124	0.014641	0.24453025	0.45711121	0.05230369	0.08340544	0.41692849	0.49956624	0.39702601	0.01974025	0.02531281	0.006724	0.24186724	0.01261129	0.02424249	0.00737881	0.477481	0.22429696	0.001225	0.000484	0.41912676	0.50253921	0.50183056	0.01800964	0.49928356	0.01901641	0.00021316	0.01199025	0.01177225	1.76E-05	0.15382084	0.15319396	9.00E-08	0.00815409	0.00652864	1.09E-05	0.00295936	0.01301881	0.00522729	0.40793769	0.00198916	0.01800964	0.018496	0.01617984	0.02917264	0.01776889	0.25070049	0.24413481	0.02137444	0.00799236	0.21049744	0.08874441	0.213444	0.01172889	0.08094025	0.29975625	0.31888609	0.36228361	0.28026436	0.09253764
rs6677253	0.44809636	0.32993536	0.74909025	0.74909025	0.38775529	1	1	0.09174841	0.85488516	0.01022121	0.84290761	0.02778889	0.84327489	0.83302129	0.04251844	0.02805625	0.56010256	0.05731236	0.1849	0.90954369	0.66961489	0.43480836	0.079524	0.18215824	0.42876304	0.90859024	0.52838361	0.02686321	0.89283601	0.89359209	0.65853225	0.00408321	0.62204769	0.38081241	0.01411344	0.20349121	0.07225344	0.001764	0.04862025	0.66928761	0.21178404	0.29757025	0.87628321	0.36048016	0.636804	0.20830096	0.00038025	0.38613796	0.06932689	0.58951684	0.46022656	0.24078649	0.02735716	0.16451136	0.13483584	0.17648401	0.22259524	0.09784384	0.59228416	0.60264169	0.21864976	0.15139881	0.02696164	0.67010596	0.02149156	0.23435281	0.389376	0.35390601	1.44E-05	0.026244	1.37E-05	0.69022864	0.05410276	0.00015625	0.00998001	0.17530969	3.84E-05	0.02223081	0.36893476	0.0064	0.02119936	0.66210769	0.63441225	0.057121	0.00114921	0.60264169	0.39601849	0.57335184	0.034596	0.02805625	0.23435281	0.660969	0.01830609	0.04359744	0.014161	0.37417689	0.64577296	0.00033489	0.23088025	0.59985025	0.19070689	0.39740416	0.03024121	0.42367081	0.11209104	0.22838841	0.01890625	0.00550564	0.21501769	0.01048576	0.01100401	0.21086464	0.01329409	0.01089936	0.13793796	0.26553409	0.01249924	0.23367556	0.57471561	0.24641296	0.00124609	0.15225604	0.14953689	0.00619369	0.163216	0.08988004	0.29986576	0.16900321	0.06487209	0.37356544	0.04481689	0.37711881	0.06548481	0.031684	0.32080896	0.26481316	0.18447025	0.13293316	0.07160976
rs6662190	0.44729344	0.32729841	0.74857104	0.74857104	0.38775529	1	1	0.09369721	0.85451536	0.00998001	0.84254041	0.02742336	0.84290761	0.83283876	0.04177936	0.02732409	0.56010256	0.05654884	0.18774889	0.90916225	0.66945124	0.43480836	0.08088336	0.18498601	0.42876304	0.90839961	0.52678564	0.026244	0.89264704	0.89321401	0.65853225	0.00400689	0.62204769	0.38081241	0.01380625	0.20638849	0.073441	0.002025	0.04862025	0.669124	0.21178404	0.295936	0.87590881	0.36048016	0.63664441	0.21141604	0.00040804	0.38613796	0.07049025	0.58936329	0.458329	0.23921881	0.027889	0.16248961	0.13682601	0.17438976	0.22071204	0.09784384	0.59228416	0.60264169	0.22193521	0.15374241	0.02768896	0.669124	0.02214144	0.23765625	0.38787984	0.35212356	6.40E-07	0.02566404	2.12E-05	0.68923204	0.05513104	9.03E-05	0.00974169	0.17347225	9.61E-06	0.02166784	0.367236	0.00620944	0.02184484	0.660969	0.63441225	0.05817744	0.00136161	0.60248644	0.39450961	0.57335184	0.034969	0.02742336	0.23765625	0.65983129	0.01817104	0.04359744	0.01481089	0.37246609	0.64448784	0.00036481	0.23532201	0.59985025	0.18852964	0.39601849	0.02996361	0.42172036	0.11594025	0.23280625	0.01948816	0.00541696	0.21930489	0.01022121	0.01073296	0.21501769	0.01380625	0.01134225	0.14115049	0.26553409	0.01295044	0.23367556	0.57471561	0.24641296	0.00117649	0.14953689	0.146689	0.00602176	0.16040025	0.087616	0.29833444	0.16621929	0.06558721	0.37271025	0.04347225	0.37625956	0.06625476	0.032041	0.31945104	0.26368225	0.18309841	0.13111641	0.07241481
rs12564559	0.011664	0.04717584	0.05764801	0.05583769	0.07974976	0.09174841	0.09369721	1	0.25020004	0.30316036	0.23951236	0.02621161	0.23677956	0.24830289	0.07540516	0.12369289	0.05349969	0.052441	0.57335184	0.06843456	0.16297369	0.02064969	0.03356224	0.56520324	0.01996569	0.06885376	0.058081	0.06869641	0.065536	0.06677056	0.15752961	0.00660969	0.14722569	0.02047761	0.03003289	0.51753636	0.03243601	0.00906304	0.02725801	0.16273156	0.49126081	0.00271441	0.06395841	0.02238016	0.15460624	0.48135844	0.00078961	0.02117025	0.03055504	0.15689521	0.03214849	0.004624	0.01575025	0.00156816	0.369664	0.00243049	0.00099225	0.005184	0.14915044	0.15586704	0.516961	0.05870929	0.02595321	0.12362256	0.02910436	0.49210225	0.01976836	0.01243225	0.00804609	0.07306209	0.00404496	0.12222016	0.03356224	0.00710649	0.31304025	0.04084441	0.00958441	0.08271376	0.02096704	0.32581264	0.02772225	0.11042329	0.15303744	0.03545689	0.01164241	0.15713296	0.01976836	0.14930496	0.01747684	0.074529	0.44209201	0.11336689	0.00633616	0.00060025	0.05793649	0.02166784	0.12752041	0.000841	0.16144324	0.14807104	0.00485809	0.02096704	0.01658944	0.06230016	0.30459361	0.167281	0.02595321	1.21E-06	0.16032016	0.02815684	0.02862864	0.16144324	0.02772225	0.02650384	0.091809	0.16532356	0.03697929	0.421201	0.148225	0.398161	0.002401	0.02630884	0.02907025	0.27604516	0.03485689	0.01406596	0.06230016	0.04460544	0.16540489	0.12687844	0.02411809	0.12845056	0.180625	0.005929	0.04545424	0.01779556	1.94E-05	0.01179396	0.00443556
rs10218813	0.29899024	0.25070049	0.60575089	0.61371556	0.30680521	0.85488516	0.85451536	0.25020004	1	0.07963684	0.98346889	0.03849444	0.98346889	0.968256	0.003136	0.008281	0.46744569	0.00145161	0.15256836	0.75829264	0.77457601	0.38452401	0.05363856	0.15100996	0.38007225	0.75637809	0.44049769	0.00734449	0.74805201	0.74960964	0.765625	0.0064	0.72471169	0.33802596	0.023104	0.16842816	0.04892944	0.04363921	0.03104644	0.7744	0.17380561	0.404496	0.73205136	0.31820881	0.73736569	0.17131321	0.00617796	0.34199104	0.04700224	0.71199844	0.39639616	0.33779344	0.01731856	0.27604516	0.11785489	0.29495761	0.32798529	0.207025	0.68574961	0.69522244	0.17986081	0.19900521	0.01327104	0.579121	0.00935089	0.19421649	0.34751025	0.32012964	0.02193361	0.00767376	0.00038025	0.59954049	0.03437316	0.01882384	0.08048569	0.21022225	0.01993744	0.00885481	0.32764176	0.08139609	0.00927369	0.574564	0.73547776	0.03632836	0.03845521	0.69505569	0.352836	0.66194496	0.05817744	0.00514089	0.19421649	0.57380625	0.02178576	0.03389281	0.10458756	0.33154564	0.56265001	0.00625681	0.16941456	0.68906601	0.31348801	0.35343025	0.03873024	0.343396	0.18696976	0.16769025	0.00797449	0.00767376	0.15555136	0.01827904	0.019044	0.152881	0.004489	0.003249	0.09872164	0.20034576	0.00431649	0.19456921	0.669124	0.20548089	0.00016641	0.11621281	0.11437924	0.05934096	0.12687844	0.17682025	0.36252441	0.14969161	0.05022081	0.43151761	0.08048569	0.43520409	0.04990756	0.02421136	0.37982569	0.30305025	0.22695696	0.19731364	0.08737936
rs114941496	0.07338681	0.00407044	0.01245456	0.01674436	0.02390116	0.01022121	0.00998001	0.30316036	0.07963684	1	0.07722841	0.00851929	0.07639696	0.071824	0.43230625	0.39980329	0.01394761	0.34527376	0.00498436	0.02608225	0.05157441	0.00454276	0.01089936	0.00451584	0.00438244	0.02653641	0.01547536	0.41254929	0.02729104	0.02643876	0.049729	0.00201601	0.04648336	0.00454276	0.00978121	0.005929	0.01056784	0.20097289	0.00885481	0.052441	0.00675684	0.07980625	0.02765569	0.00506944	0.04892944	0.00643204	0.01734489	0.00471969	0.00994009	0.06927424	0.007744	0.07376656	0.00508369	0.11909401	0.00164025	0.12694969	0.08708401	0.155236	0.04116841	0.04359744	0.00609961	0.02852721	0.01334025	0.01329409	0.014161	0.00657721	0.00429025	0.00225625	0.16152361	0.412164	0.00599076	0.01207801	0.01089936	0.15721225	1	0.01192464	0.15311569	0.39388176	0.00463761	0.91604041	0.01397124	0.01199025	0.04831204	0.01153476	0.18800896	0.04393216	0.00429025	0.04165681	0.01705636	0.37625956	0.00657721	0.011664	0.00205209	0.002116	0.30393169	0.00481636	0.00998001	0.01962801	0.02143296	0.04133089	0.12924025	0.00463761	0.005329	0.02105401	0.08099716	0.02090916	0.01334025	0.001764	0.021904	0.00915849	0.00929296	0.02143296	0.01397124	0.01354896	0.01371241	0.01874161	0.01245456	0.005776	0.04691556	0.00494209	0.002704	0.01092025	0.010404	0.90212004	0.00958441	0.11505664	0.03316041	0.00188356	0.003364	0.02663424	0.02223081	0.02715904	0.00400689	0.001936	0.02927521	0.020736	0.02732409	0.06022116	0.005929
rs4846037	0.29408929	0.25160256	0.59644729	0.60357361	0.306916	0.84290761	0.84254041	0.23951236	0.98346889	0.07722841	1	0.038025	1	1	0.00290521	0.00777924	0.47679025	0.00131769	0.14470416	0.76317696	0.76860289	0.40157569	0.04915089	0.14326225	0.39702601	0.76125625	0.46280809	0.00692224	0.75377124	0.75533481	0.75916369	0.01628176	0.71757841	0.35414401	0.02292196	0.16048036	0.04481689	0.03940225	0.02930944	0.76825225	0.162409	0.41460721	0.73719396	0.33385284	0.73068304	0.163216	0.00595984	0.35820225	0.04301476	0.71927361	0.41319184	0.34597924	0.01420864	0.28761769	0.11202409	0.30702681	0.33281361	0.21696964	0.67815225	0.68757264	0.17131321	0.20052484	0.01094116	0.57532225	0.00675684	0.18567481	0.36445369	0.32787076	0.01898884	0.00724201	0.00039601	0.59567524	0.03069504	0.01615441	0.07806436	0.19298449	0.01718721	0.00837225	0.34421689	0.078961	0.00731025	0.57093136	0.72880369	0.03261636	0.03444736	0.68740681	0.37002889	0.65383396	0.05909761	0.00478864	0.18267076	0.57032704	0.02140369	0.03474496	0.09634816	0.34821801	0.55965361	0.00603729	0.15976009	0.68095504	0.32626944	0.37039396	0.03818116	0.35117476	0.17264025	0.15808576	0.00613089	0.007569	0.14584761	0.01814409	0.01893376	0.14326225	0.003136	0.00208849	0.09174841	0.19492225	0.00294849	0.18395521	0.66015625	0.19412836	0.00011881	0.10909809	0.10738729	0.05750404	0.11943936	0.20985561	0.38489616	0.14152644	0.04875264	0.45495025	0.082369	0.45859984	0.04844401	0.02347024	0.40170244	0.32626944	0.24780484	0.22610025	0.08886361
rs145488887	0.04426816	0.18464209	0.07991929	0.08076964	0.14753281	0.02778889	0.02742336	0.02621161	0.03849444	0.00851929	0.038025	1	0.03837681	0.03892729	0.45346756	0.33953929	0.005476	0.50282281	0.01857769	0.02778889	0.05139289	0.00491401	0.00055696	0.01790244	0.00471969	0.02829124	0.00677329	0.43204329	0.02907025	0.02815684	0.04946176	0.00151321	0.04875264	0.0049	0.91604041	0.01985281	0.000484	0.25735329	0.00027225	0.05230369	0.02117025	0.10465225	0.02815684	0.0049	0.05139289	0.02085136	0.002025	0.00508369	0.00026569	0.05202961	0.00613089	0.09746884	0.00477481	0.12794929	0.01406596	0.12852225	0.11437924	0.21335161	0.04124961	0.04334724	0.02019241	0.08208225	0.00234256	0.025921	0.00232324	0.02082249	0.00463761	0.00249001	0.20857489	0.431649	0.00375769	0.02411809	0.00055696	0.20322064	0.008649	0.01127844	0.19811401	0.41177889	0.00446224	0.00929296	0.00274576	0.02286144	0.05080516	0.000841	0.24167056	0.043681	0.00463761	0.043681	0.00195364	0.39275289	0.02082249	0.02244004	0.002116	0.002401	0.00028561	0.00463761	0.02013561	0.00192721	0.02241009	0.04104676	0.13089924	0.00499849	0.00550564	0.00988036	0.081796	0.02184484	0.00234256	0.00182329	0.02184484	0.90954369	0.90954369	0.02137444	0.00225625	0.00130321	0.01108809	0.01572516	0.00036864	0.01985281	0.04963984	0.01882384	0.03003289	0.00207025	0.00178084	0.00720801	0.00132496	0.09369721	0.03489424	0.00169744	0.00346921	0.02795584	0.04695889	0.02852721	0.00413449	0.01726596	0.04507129	0.07300804	0.08555625	0.0841	0.00580644
rs4845880	0.29495761	0.25351225	0.59706529	0.60435076	0.30835809	0.84327489	0.84290761	0.23677956	0.98346889	0.07639696	1	0.03837681	1	1	0.002704	0.00737881	0.47761921	0.00119025	0.14295961	0.74857104	0.75968656	0.39702601	0.05112121	0.14152644	0.39262756	0.746496	0.44957025	0.00660969	0.73891216	0.74046025	0.749956	0.00641601	0.70963776	0.35022724	0.02322576	0.15864289	0.04661281	0.04092529	0.02944656	0.75933796	0.16362025	0.40972801	0.72318016	0.33005025	0.72301009	0.16120225	0.00585225	0.35414401	0.04481689	0.71182969	0.40793769	0.34292736	0.01640961	0.28281124	0.11075584	0.30206016	0.334084	0.21187609	0.67141636	0.68112009	0.16924996	0.20205025	0.01234321	0.57592921	0.00859329	0.18352656	0.36048016	0.32398864	0.02010724	0.00692224	0.00042849	0.59629284	0.03261636	0.01718721	0.07722841	0.19430464	0.018225	0.00801025	0.34023889	0.07812025	0.00851929	0.57168721	0.72097081	0.03448449	0.03587236	0.68095504	0.36590401	0.64834704	0.05866084	0.00451584	0.18352656	0.57093136	0.02152089	0.03429904	0.09803161	0.34421689	0.56040196	0.005929	0.15745024	0.67502656	0.32092225	0.36626704	0.038416	0.35236096	0.17230801	0.15578809	0.00731025	0.00763876	0.14417209	0.01841449	0.01920996	0.14167696	0.00401956	0.00286225	0.09174841	0.18861649	0.00385641	0.18472804	0.654481	0.19501056	1.00E-04	0.110889	0.10909809	0.05683456	0.12117361	0.20457529	0.38539264	0.14311089	0.04831204	0.45535504	0.083521	0.45887076	0.047961	0.02325625	0.40220964	0.327184	0.24890121	0.22118209	0.08814961
rs4845881	0.292681	0.25351225	0.59043856	0.59706529	0.30835809	0.83302129	0.83283876	0.24830289	0.968256	0.071824	1	0.03892729	1	1	0.00197136	0.00586756	0.44662489	0.00075625	0.15752961	0.74046025	0.74597769	0.37405456	0.04730625	0.15649936	0.37015056	0.73839649	0.42081169	0.00538756	0.73153809	0.73307844	0.73564929	0.00657721	0.69588964	0.33016516	0.02396304	0.17247409	0.04322241	0.03636649	0.02702736	0.74563225	0.177241	0.37933281	0.71605444	0.31069476	0.70980625	0.17514225	0.00537289	0.33373729	0.04157521	0.69772609	0.38303721	0.31561924	0.01505529	0.262144	0.12787776	0.28047616	0.30536676	0.19175641	0.65804544	0.66814276	0.18352656	0.20830096	0.01079521	0.57471561	0.00732736	0.19731364	0.34000561	0.30426256	0.01700416	0.00565504	0.00053824	0.59490369	0.02989441	0.01435204	0.07257636	0.19430464	0.01527696	0.00660969	0.32058244	0.07333264	0.00727609	0.57062916	0.70778569	0.03161284	0.03154176	0.66797929	0.34503876	0.63584676	0.055696	0.00350464	0.19731364	0.570025	0.02152089	0.032041	0.09803161	0.32410249	0.56010256	0.00543169	0.16532356	0.66194496	0.29789764	0.34539129	0.03861225	0.32775625	0.17598025	0.16386304	0.00619369	0.00776161	0.15194404	0.01909924	0.019881	0.14945956	0.00323761	0.00222784	0.09174841	0.18861649	0.00312481	0.18472804	0.654481	0.19501056	1.00E-04	0.10252804	0.10086976	0.05317636	0.11235904	0.18438436	0.35153041	0.13300609	0.04571044	0.41628304	0.083521	0.419904	0.04528384	0.02196324	0.36747844	0.29691601	0.22505536	0.20178064	0.08346321
rs72638682	0.00356409	0.07150276	0.01308736	0.01159929	0.02669956	0.04251844	0.04177936	0.07540516	0.003136	0.43230625	0.00290521	0.45346756	0.002704	0.00197136	1	0.84254041	0.022801	0.95023504	0.02537649	0.06405961	0.12187081	0.01183744	0.008464	0.024025	0.01140624	0.06528025	0.02521744	1	0.06610041	0.06405961	0.117649	0.00370881	0.13046544	0.01223236	0.471969	0.02805625	0.00804609	0.58736896	0.00731025	0.12418576	0.030625	0.22061809	0.05239521	0.00643204	0.13557124	0.02989441	0.00368449	0.01267876	0.00682276	0.16104169	0.01710864	0.205209	0.01125721	0.30758116	0.01522756	0.29300569	0.24275329	0.42745444	0.09696996	0.10265616	0.02866249	0.12595401	0.01447209	0.04691556	0.01428025	0.02999824	0.01162084	0.006561	0.46991025	1	6.72E-05	0.043264	0.008464	0.45670564	0.43204329	5.63E-05	0.44408896	0.95335696	0.00553536	0.388129	0.01572516	0.031329	0.13424896	0.00974169	0.54952569	0.10355524	0.01162084	0.11648569	0.00393129	0.910116	0.02999824	0.03055504	0.00484416	0.00525625	0.16589329	0.00583696	0.02643876	0.00450241	0.04963984	0.09721924	0.29833444	0.01247689	0.01263376	0.02452356	0.20097289	0.04844401	0.01447209	0.00416025	0.03625216	0.45387169	0.45346756	0.035344	0.00565504	0.00414736	0.01597696	0.02585664	0.00214369	0.027889	0.13162384	0.02509056	0.02537649	0.00553536	0.00484416	0.3721	0.003721	0.24443136	0.09591409	0.00062001	0.007921	0.07817616	0.08105409	0.07941124	0.00942841	0.00373321	0.10150596	0.11209104	0.13498276	0.167281	0.01177225
rs12131667	0.00339889	0.04293184	0.01399489	0.01258884	0.01308736	0.02805625	0.02732409	0.12369289	0.008281	0.39980329	0.00777924	0.33953929	0.00737881	0.00586756	0.84254041	1	0.02785561	0.79977249	0.00459684	0.04334724	0.12257001	0.01308736	0.01258884	0.00362404	0.01252161	0.04247721	0.03104644	0.84254041	0.04515625	0.04334724	0.11812969	0.00149769	0.12823561	0.01354896	0.35652841	0.00670761	0.01192464	0.48608784	0.01073296	0.12397441	0.00848241	0.17280649	0.03485689	0.00797449	0.13417569	0.00617796	0.00156816	0.01411344	0.01024144	0.157609	0.01838736	0.15904144	0.01483524	0.255025	0.00085264	0.24433249	0.18896409	0.36687249	0.09554281	0.10323369	0.00700569	0.08421604	0.018496	0.02544025	0.01879641	0.00815409	0.01272384	0.00646416	0.391876	0.84254041	0.00021904	0.02436721	0.01052676	0.37920964	0.39980329	0.00427716	0.37920964	0.84254041	0.00677329	0.39980329	0.02019241	0.01703025	0.13557124	0.01225449	0.48511225	0.104329	0.01272384	0.11526025	0.00164025	0.80013025	0.00970225	0.01630729	0.00633616	0.00700569	0.15848361	0.00717409	0.01263376	0.00197136	0.030276	0.09721924	0.25472209	0.01375929	0.01708249	0.03066001	0.210681	0.02900209	0.018496	0.00552049	0.02056356	0.34000561	0.33953929	0.01979649	0.008836	0.00687241	0.01185921	0.01004004	0.00399424	0.00763876	0.1296	0.00646416	0.01385329	4.23E-05	1.00E-06	0.35414401	4.76E-05	0.18593344	0.09872164	0.00165649	0.00822649	0.08133904	0.05755201	0.08133904	0.01018081	0.00160801	0.10188864	0.08323225	0.10208025	0.127449	0.00617796
rs59911871	0.25391521	0.52693081	0.41100921	0.40972801	0.67453369	0.56010256	0.56010256	0.05349969	0.46744569	0.01394761	0.47679025	0.005476	0.47761921	0.44662489	0.022801	0.02785561	1	0.01737124	0.04422609	0.57244356	0.40398736	0.69956496	0.15038884	0.04141225	0.69956496	0.56957209	0.97693456	0.022801	0.57108249	0.57244356	0.39375625	0.00018496	0.370881	0.69956496	0.00725904	0.04422609	0.15038884	0.01595169	0.13307904	0.41306329	0.034969	0.61653904	0.56160036	0.67486225	0.38390416	0.03232804	0.00638401	0.715716	0.14205361	0.36012001	0.83265625	0.53772889	0.0784	0.34035556	0.029929	0.35200489	0.51194025	0.22733824	0.33779344	0.34727449	0.04309776	0.07382089	0.06365529	0.31618129	0.05919489	0.02380849	0.67667076	0.62204769	0.00426409	0.02362369	0.00425104	0.33977241	0.12124324	0.00426409	0.01437601	0.12453841	0.003364	0.02608225	0.65092624	0.017161	0.06365529	0.33143049	0.37761025	0.12967201	0.01069156	0.35081929	0.67601284	0.33339076	0.03655744	0.03052009	0.01481089	0.33977241	0.00996004	0.0529	0.02927521	0.65011969	0.31315216	0.00644809	0.00643204	0.33005025	0.31911201	0.65092624	0.01115136	0.77757124	0.00128881	0.00492804	0.05683456	0.00925444	0.00364816	0.00522729	0.005476	0.00301401	0.04652649	0.03980025	0.00097969	0.01012036	0.04644025	0.011025	0.32569849	0.00749956	0.00537289	0.03225616	0.027889	0.01999396	0.03389281	0.09897316	0.16605625	0.04084441	0.00416025	0.143641	0.02298256	0.14615329	0.00685584	0.06959044	0.21022225	0.248004	0.27857284	0.13897984	0.10208025
rs114951726	0.00044521	0.058564	0.00972196	0.00833569	0.03876961	0.05731236	0.05654884	0.052441	0.00145161	0.34527376	0.00131769	0.50282281	0.00119025	0.00075625	0.95023504	0.79977249	0.01737124	1	0.02229049	0.05276209	0.12103441	0.00870489	0.00697225	0.02105401	0.00833569	0.053824	0.01951609	0.95023504	0.05452225	0.05276209	0.11799225	0.00414736	0.13140625	0.00904401	0.52142841	0.02474329	0.00660969	0.55383364	0.00602176	0.12334144	0.02706025	0.21372129	0.04169764	0.00399424	0.13557124	0.02637376	0.00461041	0.009409	0.00552049	0.16273156	0.01295044	0.198916	0.01030225	0.29648025	0.01301881	0.28058209	0.235225	0.40615129	0.09746884	0.10252804	0.025281	0.125316	0.01240996	0.03861225	0.01212201	0.02650384	0.008464	0.00426409	0.44156025	0.95023504	0.00627264	0.03545689	0.00697225	0.429025	0.34492129	2.56E-06	0.41705764	0.90459121	0.00327184	0.30647296	0.01357225	0.02439844	0.13439556	0.00811801	0.51753636	0.10342656	0.008464	0.11710084	0.00495616	0.86211225	0.02650384	0.02374681	0.00444889	0.00481636	0.12909649	0.003481	0.02022084	0.00565504	0.04351396	0.09721924	0.28579716	0.00917764	0.01162084	0.01825201	0.18974736	0.04239481	0.01240996	0.00381924	0.03055504	0.50310649	0.50282281	0.02972176	0.00416025	0.00284089	0.01221025	0.02090916	0.001225	0.02455489	0.132496	0.02199289	0.02765569	0.00343396	0.00289444	0.277729	0.00205209	0.22800625	0.09449476	5.63E-05	0.00727609	0.07750656	0.09381969	0.07868025	0.00866761	0.00466489	0.10093329	0.1089	0.13060996	0.15626209	0.01420864
rs55990971	0.08151025	0.04020025	0.13147876	0.13329801	0.04588164	0.1849	0.18774889	0.57335184	0.15256836	0.00498436	0.14470416	0.01857769	0.14295961	0.15752961	0.02537649	0.00459684	0.04422609	0.02229049	1	0.210681	0.11215801	0.01836025	0.02301289	1	0.01836025	0.21270544	0.04739329	0.02666689	0.20657025	0.20766249	0.1089	0.00485809	0.10137856	0.01874161	0.021316	1	0.02301289	0.05157441	0.019321	0.11168964	0.95726656	0.08508889	0.20358144	0.02024929	0.10621081	0.95589729	0.00426409	0.01929321	0.02163841	0.09096256	0.02792241	0.092416	0.01113025	0.04950625	0.72046144	0.04782969	0.07767369	0.04524129	0.10686361	0.11189025	1	0.04380649	0.01498176	0.29441476	0.01726596	0.95726656	0.01833316	0.01258884	0.04293184	0.02524921	0.00011881	0.292681	0.02377764	0.04401604	0.00451584	0.01490841	0.03481956	0.01535121	0.01929321	0.00031329	0.01617984	0.26615281	0.104976	0.02515396	0.04137156	0.11215801	0.01625625	0.10653696	0.00311364	0.01734489	0.87385104	0.26204161	0.00447561	0.00275625	0.01868689	0.01766241	0.28323684	0.00447561	0.39337984	0.12446784	0.02832489	0.010609	0.01170724	0.03407716	0.22829284	0.40347904	0.01498176	0.00061504	0.39250225	0.01993744	0.02027776	0.39337984	0.01617984	0.01532644	0.26759929	0.42758521	0.02585664	0.86601636	0.12013156	0.85692049	0.01069156	0.08964036	0.09529569	0.00251001	0.10067929	0.00398161	0.04460544	0.09388096	0.262144	0.11978521	0.01295044	0.12103441	0.28398241	0.00419904	0.03013696	0.00527076	0.01024144	0.00024649	0.00021609
rs6667720	0.43652449	0.26245129	0.66765241	0.66683556	0.36978561	0.90954369	0.90916225	0.06843456	0.75829264	0.02608225	0.76317696	0.02778889	0.74857104	0.74046025	0.06405961	0.04334724	0.57244356	0.05276209	0.210681	1	0.66961489	0.42029289	0.075076	0.20820969	0.41460721	1	0.59089969	0.06405961	1	1	0.65853225	0.00028561	0.62204769	0.41615401	0.03189796	0.22915369	0.06822544	0.00160801	0.07958041	0.66928761	0.26512201	0.27804529	0.98188281	0.39501225	0.636804	0.23444964	0.00038025	0.42185025	0.06533136	0.58951684	0.46635241	0.22325625	0.04460544	0.13571856	0.16112196	0.14569489	0.186624	0.05978025	0.59228416	0.60264169	0.24581764	0.16507969	0.02505889	0.75916369	0.02893401	0.26152996	0.40297104	0.367236	0.00574564	0.06325225	0.00346921	0.77951241	0.05166529	0.00469225	0.02572816	0.15808576	0.00376996	0.05612161	0.37589161	0.01940449	0.02762244	0.73599241	0.62615569	0.05480281	0.00164836	0.60264169	0.40297104	0.57335184	0.03541924	0.06471936	0.29008996	0.73513476	0.01830609	0.04359744	0.00498436	0.38130625	0.71978256	0.00033489	0.28901376	0.59985025	0.14280841	0.404496	0.03024121	0.45091225	0.11115556	0.28665316	0.02505889	0.00525625	0.27123264	0.02692881	0.02778889	0.26646244	0.01830609	0.01557504	0.13082689	0.31674384	0.01092025	0.29127609	0.57471561	0.28879876	0.00020164	0.167281	0.16459249	0.02772225	0.179776	0.06270016	0.28079401	0.18550249	0.06487209	0.35295481	0.05943844	0.35652841	0.06548481	0.031684	0.30151081	0.24443136	0.169744	0.10608049	0.07214596
rs11121827	0.37847104	0.44235801	0.74528689	0.75359761	0.48246916	0.66961489	0.66945124	0.16297369	0.77457601	0.05157441	0.76860289	0.05139289	0.75968656	0.74597769	0.12187081	0.12257001	0.40398736	0.12103441	0.11215801	0.66961489	1	0.31505769	0.05726449	0.11189025	0.31236921	0.66732561	0.41977441	0.13512976	0.66292164	0.66504025	0.98267569	0.00249001	0.96589584	0.29506624	0.07043716	0.124609	0.05308416	0.19377604	0.04919524	1	0.14622976	0.63345681	0.67387681	0.29713401	0.98386561	0.12559936	0.00274576	0.29757025	0.05294601	0.94965025	0.34786404	0.54479161	0.02064969	0.47183161	0.09290304	0.47969476	0.52533504	0.41718681	0.87160896	0.89056969	0.13256881	0.37027225	0.01225449	0.48011041	0.015129	0.14493249	0.28611801	0.26759929	0.130321	0.13630864	0.00295936	0.50168889	0.03892729	0.13111641	0.05202961	0.14945956	0.13184161	0.13593969	0.28558336	0.05193841	0.01311025	0.49646116	0.96766569	0.03956121	0.18105025	0.89056969	0.28611801	0.87778161	0.04635409	0.11614464	0.16548624	0.49646116	0.02941225	0.02232036	0.10169721	0.28804689	0.49098049	0.00287296	0.15832441	0.877969	0.47858724	0.28558336	0.05736025	0.315844	0.36276529	0.15768841	0.01225449	0.01183744	0.16024009	0.07102225	0.07033104	0.15832441	0.01311025	0.01249924	0.08048569	0.20875761	0.01098304	0.16801801	0.87310336	0.17943696	0.00574564	0.13461561	0.13432225	0.03674889	0.15139881	0.30569841	0.49730704	0.17313921	0.03538161	0.56145049	0.17255716	0.56505289	0.03407716	0.04165681	0.53129521	0.45873529	0.37994896	0.31539456	0.09954025
rs61773952	0.22667121	0.44635761	0.38452401	0.38378025	0.55294096	0.43480836	0.43480836	0.02064969	0.38452401	0.00454276	0.40157569	0.00491401	0.39702601	0.37405456	0.01183744	0.01308736	0.69956496	0.00870489	0.01836025	0.42029289	0.31505769	1	0.03268864	0.01679616	1	0.41757444	0.65157184	0.01183744	0.41912676	0.42029289	0.30924721	0.00697225	0.29300569	1	0.00616225	0.01256641	0.03341584	0.043264	0.02934369	0.32058244	0.01442401	0.42745444	0.41332041	0.97298496	0.30052324	0.00697225	0.00023716	1	0.03129361	0.27941796	0.92140801	0.36663025	0.01723969	0.56475225	0.00633616	0.57532225	0.35509681	0.418609	0.269361	0.275625	0.01113025	0.07551504	0.04206601	0.54361129	0.04313929	0.00269361	0.97298496	0.93779856	0.05669161	0.01229881	0.01207801	0.56595529	0.03400336	0.05669161	0.00471969	0.07230721	0.05837056	0.01373584	0.94458961	0.00616225	0.04206601	0.55666521	0.29658916	0.03606201	0.04919524	0.277729	0.97298496	0.26512201	0.056644	0.01630729	0.00269361	0.56595529	0.006241	0.09012004	0.047961	0.94458961	0.53479969	0.00025281	0.03305124	0.26306641	0.54096025	0.94458961	0.00458329	0.535824	0.05958481	0.031684	0.04004001	0.005929	0.03411409	0.00471969	0.00491401	0.03305124	0.04206601	0.04076361	0.05934096	0.02446096	0.03932289	0.00140625	0.25674489	0.00047089	0.01545049	0.01399489	0.01267876	0.00933156	0.01050625	0.22695696	0.11758041	0.00597529	0.00098596	0.10666756	0.030976	0.10837264	0.00225625	0.04414201	0.146689	0.15476356	0.16883881	0.25130169	0.14799409
rs112234774	0.02430481	0.06380676	0.02531281	0.02582449	0.07273809	0.079524	0.08088336	0.03356224	0.05363856	0.01089936	0.04915089	0.00055696	0.05112121	0.04730625	0.008464	0.01258884	0.15038884	0.00697225	0.02301289	0.075076	0.05726449	0.03268864	1	0.022201	0.03268864	0.075625	0.17264025	0.00195364	0.07750656	0.07823209	0.05489649	0.01121481	0.05080516	0.03545689	0.00160801	0.02301289	1	0.36072036	0.93663684	0.05841889	0.01002001	0.11471769	0.07623121	0.036864	0.05410276	0.02238016	0.01177225	0.03341584	1	0.05489649	5.48E-05	0.10640644	0.68376361	0.03541924	0.01572516	0.03444736	0.09991921	0.01121481	0.04447881	0.04756761	0.02337841	0.00339889	0.64513024	0.05340721	0.616225	0.02418025	0.0361	0.03222025	0.29495761	0.00206116	0.00383161	0.05049009	0.92602129	0.28772496	0.01106704	0.03916441	0.28079401	0.00248004	0.03690241	0.01190281	0.61214976	0.05004169	0.053361	0.93006736	0.339889	0.047961	0.0361	0.04524129	0.00275625	0.00318096	0.00978121	0.04941729	0.00251001	0.00308025	0.45778756	0.03751969	0.04571044	0.01157776	0.23011209	0.04485924	0.03736489	0.03690241	0.00652864	0.12752041	0.15634116	0.22137025	0.59737441	0.00215296	0.215296	0.00241081	0.00233289	0.19027044	0.52012944	0.50168889	0.28037025	0.24890121	0.56190016	0.008649	0.05125696	0.00622521	0.00717409	0.31382404	0.298116	0.00923521	0.30980356	0.02975625	0.03884841	0.29713401	0.00444889	0.03066001	1.69E-06	0.031329	0.00528529	0.01183744	0.04743684	0.05387041	0.06533136	0.02229049	0.00480249
rs77157935	0.08031556	0.036864	0.12974404	0.13147876	0.04255969	0.18215824	0.18498601	0.56520324	0.15100996	0.00451584	0.14326225	0.01790244	0.14152644	0.15649936	0.024025	0.00362404	0.04141225	0.02105401	1	0.20820969	0.11189025	0.01679616	0.022201	1	0.01679616	0.21022225	0.04447881	0.02524921	0.20421361	0.205209	0.10883401	0.00469225	0.10144225	0.01718721	0.02053489	1	0.022201	0.04932841	0.01863225	0.111556	0.95609284	0.08037225	0.20124196	0.01857769	0.10601536	0.954529	0.00412164	0.017689	0.02088025	0.090601	0.02585664	0.08737936	0.01073296	0.046225	0.75724804	0.04460544	0.07268416	0.04223025	0.10732176	0.11215801	1	0.03892729	0.01406596	0.29073664	0.01625625	0.95609284	0.01674436	0.01129969	0.040401	0.02380849	0.00019881	0.28890625	0.02292196	0.04145296	0.00405769	0.01962801	0.0324	0.01408969	0.01766241	0.00017424	0.01522756	0.26204161	0.10484644	0.02424249	0.03900625	0.11256025	0.01471369	0.106929	0.00346921	0.01600225	0.87011584	0.25796241	0.00431649	0.00309136	0.01713481	0.01602756	0.278784	0.00431649	0.38638656	0.12510369	0.02547216	0.00929296	0.01129969	0.03104644	0.22496049	0.39652209	0.01406596	0.00074529	0.38551681	0.01923769	0.01957201	0.38638656	0.01522756	0.0144	0.25270729	0.41835024	0.02490084	0.86174089	0.12047841	0.851929	0.01026169	0.097344	0.10329796	0.00218089	0.1089	0.00251001	0.05438224	0.10188864	0.23921881	0.12033961	0.01048576	0.12152196	0.262144	0.00405769	0.03767481	0.00444889	0.00767376	6.25E-06	0.00032761
rs61773953	0.22420225	0.43665664	0.38007225	0.379456	0.54361129	0.42876304	0.42876304	0.01996569	0.38007225	0.00438244	0.39702601	0.00471969	0.39262756	0.37015056	0.01140624	0.01252161	0.69956496	0.00833569	0.01836025	0.41460721	0.31236921	1	0.03268864	0.01679616	1	0.41177889	0.65157184	0.01140624	0.41332041	0.41460721	0.30669444	0.00683929	0.29062881	1	0.00595984	0.01394761	0.03283344	0.04210704	0.02883204	0.31775769	0.01585081	0.42863209	0.40780996	0.97298496	0.29800681	0.0081	0.000256	1	0.03076516	0.27699169	0.9216	0.36796356	0.01695204	0.56565441	0.00772641	0.57623281	0.35652841	0.41964484	0.267289	0.27342441	0.01243225	0.07246864	0.04137156	0.53479969	0.04239481	0.00343396	0.97298496	0.93779856	0.055225	0.01183744	0.01185921	0.55666521	0.03341584	0.055225	0.00454276	0.07382089	0.05688225	0.01327104	0.944784	0.00595984	0.04137156	0.5476	0.29408929	0.03545689	0.04787344	0.275625	0.97298496	0.26306641	0.05678689	0.01575025	0.00343396	0.55666521	0.00613089	0.09030025	0.04687225	0.94458961	0.525625	0.00027225	0.03441025	0.26101881	0.54199044	0.944784	0.00443556	0.53684929	0.06076225	0.03305124	0.03932289	0.00583696	0.03549456	0.00454276	0.00471969	0.03441025	0.04137156	0.04004001	0.05934096	0.025921	0.03861225	0.00200704	0.25462116	0.00088209	0.01565001	0.01532644	0.01399489	0.00910116	0.01050625	0.22695696	0.11614464	0.00597529	0.00093636	0.10549504	0.02944656	0.10719076	0.00217156	0.04431025	0.145161	0.15476356	0.16883881	0.25130169	0.14799409
